1.95962e-06 -8.5243e-07 -4.52027e-07 4.40961e-07 -1.34874e-06 9.53884e-07 -1.05089e-06 1.19529e-06 -5.63913e-07 1.12775e-06 -3.05387e-07 1.29696e-06 -8.12601e-07 -1.11738e-06 -1.00553e-07 1.93324e-06 -1.40653e-06 -1.64748e-06 -1.1471e-06 5.69642e-07 -1.72057e-06 -7.91906e-07 -4.90458e-07 5.30188e-07 -1.0901e-06 
-1.44738e-06 7.93009e-08 4.096e-07 -7.20687e-07 -5.24676e-07 5.36555e-07 -8.88415e-07 -5.48571e-07 -2.60261e-06 5.46074e-07 -7.2353e-07 -6.54207e-07 1.77648e-06 -8.16737e-07 8.78139e-07 3.69726e-07 1.86315e-07 -7.977e-07 -1.19936e-06 6.57508e-08 -9.02948e-07 2.11743e-06 1.07422e-06 -5.16722e-07 1.5636e-06 
-1.52405e-06 -1.17802e-06 2.08495e-06 1.05805e-07 3.59868e-07 2.033e-06 3.73586e-07 -1.83672e-06 9.58383e-07 -8.87736e-07 -5.02058e-07 -1.43944e-06 9.08171e-07 -3.97777e-07 -2.27923e-07 -2.72544e-07 -7.13933e-07 2.20706e-06 1.01796e-06 -1.55066e-06 -6.19395e-07 1.31235e-06 1.63325e-07 -1.66311e-06 8.40282e-07 
-1.29802e-07 -3.60699e-07 1.11201e-06 -2.6973e-06 1.01998e-06 -7.23415e-07 -1.05538e-07 -8.89443e-07 -8.34499e-07 1.56592e-06 2.14276e-06 1.09245e-07 -4.90018e-07 -9.69401e-07 -8.00078e-07 -5.11956e-07 -1.42802e-06 1.72574e-06 -6.82141e-07 6.44431e-07 1.59899e-06 1.50343e-06 -4.90201e-07 1.3385e-07 -9.71386e-07 
-4.46127e-07 6.00712e-07 2.41337e-06 -1.68609e-07 114 115 -1.37639e-06 5.06416e-07 1.97843e-07 -1.12228e-07 -2.38976e-06 5.82286e-07 4.5417e-07 1.27584e-06 1.05345e-07 -7.08209e-08 -1.12592e-06 -1.23059e-06 -1.67254e-06 -7.4899e-07 -4.40502e-07 9.95735e-07 -2.01069e-06 3.68975e-07 1.88198e-06 
1.25952e-06 1.82942e-07 1.15546e-07 1.39292e-06 139 140 8.95048e-07 4.02382e-07 -1.03869e-06 -5.60262e-07 3.20542e-07 -3.79356e-07 -8.98745e-07 2.08627e-06 6.78223e-07 5.96601e-07 4.73876e-07 9.35858e-07 -1.73127e-07 4.39203e-07 -1.23612e-06 -1.73634e-06 -9.52783e-07 5.18966e-07 1.32442e-06 
-1.0351e-06 1.31869e-06 -9.5142e-07 -2.02193e-06 -8.49311e-07 -2.21394e-07 -1.63206e-06 9.8033e-07 -1.06533e-06 -1.14528e-06 -6.61305e-07 -5.25536e-07 5.08893e-07 -1.37396e-06 -1.77867e-06 -1.7246e-06 -1.55662e-07 1.67723e-06 -4.2445e-07 -2.94566e-07 1.12351e-06 6.57403e-07 -1.65311e-06 -1.39278e-06 1.421e-06 
3.73713e-07 7.04532e-08 -4.60262e-07 1.19757e-06 1.59765e-06 -5.076e-07 -2.18462e-06 -3.80164e-07 -2.33264e-06 -6.29327e-07 -6.80735e-07 5.2987e-07 -1.01117e-06 9.91403e-08 -5.73017e-07 -7.2661e-07 -2.69973e-06 -4.11703e-07 7.58617e-07 9.84215e-07 1.40409e-07 -1.76682e-06 -9.65847e-07 -1.56678e-08 -1.08997e-06 
-1.8226e-06 7.11069e-07 -2.24217e-06 2.11994e-06 -1.2822e-06 4.22859e-07 4.56459e-07 -7.37414e-08 1.54273e-06 -1.92806e-07 4.14773e-07 -1.25996e-06 6.27965e-08 1.33714e-07 -8.95703e-07 2.45606e-06 -3.54807e-07 1.65333e-07 -1.77059e-06 -5.69582e-07 1.92479e-06 4.91894e-07 -1.96508e-07 -1.48883e-06 -5.74883e-07 
-7.00154e-07 3.65943e-08 1.00096e-06 -7.27271e-07 -9.61248e-07 -1.61417e-07 -9.94212e-08 -1.05264e-06 1.70666e-06 8.11388e-07 8.60555e-07 5.5136e-07 -3.90707e-07 -4.04086e-07 -1.67235e-06 9.44601e-07 1.79893e-06 -7.79953e-07 -6.15878e-07 -1.10674e-06 -7.63898e-07 -3.58725e-07 -1.33588e-07 -7.64742e-07 -7.05278e-07 
-3.43431e-07 -5.44159e-07 7.92583e-07 1.25956e-06 -2.2818e-07 2.21909e-06 4.28575e-07 -1.1992e-06 1.60333e-07 -3.03911e-07 -7.01433e-07 5.57564e-07 -1.67045e-06 1.66335e-06 -7.7032e-07 7.99226e-07 -1.00022e-06 -7.90997e-07 -5.05887e-07 1.93967e-06 1.54636e-06 7.69904e-07 -2.24648e-06 1.62201e-06 -5.65381e-07 
-2.03616e-07 2.29116e-06 -1.7007e-06 -1.68004e-06 -7.71391e-07 -1.89077e-07 -1.69727e-06 -2.54936e-07 1.26283e-06 -6.17766e-07 6.17787e-07 -6.8253e-07 6.40334e-08 1.25058e-06 6.89762e-07 -1.05542e-06 -4.8493e-07 -1.21366e-06 1.04923e-06 6.14555e-07 1.01202e-06 2.31681e-09 1.10877e-06 -1.47104e-06 5.76324e-07 
-8.66572e-07 1.04439e-06 -8.94622e-08 3.35794e-07 -1.38437e-06 9.95766e-07 -6.78176e-07 -1.28116e-07 1.42086e-06 -5.83242e-07 2.67902e-06 -5.05758e-07 7.58599e-07 -6.44396e-07 1.18261e-06 9.05294e-07 9.41882e-07 3.97163e-07 -1.30489e-06 -1.16927e-06 1.98088e-06 -1.48053e-06 -7.90906e-07 1.77576e-06 -3.94578e-07 
-6.07565e-07 1.26219e-06 2.07906e-07 1.43784e-07 -1.10379e-06 -5.94633e-07 3.93691e-07 2.31832e-07 3.31705e-07 1.41476e-06 -1.74321e-06 1.776e-07 7.16863e-07 -1.96978e-07 4.61153e-07 -1.16931e-06 -1.46114e-06 -1.92609e-06 -3.45308e-07 -9.98037e-07 1.11725e-06 3.07339e-07 -4.22084e-07 1.95603e-07 1.00489e-06 
4.79446e-07 1.94663e-07 -6.95738e-07 -8.88087e-07 5.32597e-07 3.66548e-08 2.43992e-07 7.39789e-07 -2.55414e-07 -1.00252e-06 -2.79423e-08 -3.19977e-07 -1.03958e-07 1.00486e-06 -9.02955e-07 4.11794e-07 -1.67735e-07 -6.83108e-07 -5.81053e-07 1.00845e-06 -7.1096e-08 -1.50225e-06 8.91667e-07 5.47867e-07 9.93563e-08 
-1.07967e-06 1.41121e-07 2.29778e-06 6.7336e-07 9.08906e-07 -9.03182e-07 -4.44491e-07 7.95388e-07 8.92436e-07 1.45021e-06 -1.35202e-06 -1.06279e-06 1.4943e-07 1.47728e-06 -1.87905e-06 -1.38488e-06 -1.87053e-06 -4.89932e-07 2.21434e-06 -8.83148e-07 -1.33235e-07 2.40265e-07 -6.12157e-07 -2.76205e-07 4.6943e-08 
7.02743e-07 1.64921e-06 -1.2305e-06 -1.81276e-06 6.82775e-07 1.54207e-06 1.56124e-06 8.02582e-07 -3.04982e-06 -9.49909e-07 2.97154e-07 2.15476e-06 -4.57283e-08 3.22586e-06 -2.63839e-07 1.32686e-06 436 437.001 5.54729e-07 -1.7437e-06 6.67631e-07 -2.64503e-06 -1.30975e-07 -1.71005e-06 4.46239e-07 
-1.11314e-07 1.60303e-07 -7.67135e-07 2.00297e-06 -1.44709e-06 -1.19976e-06 2.21479e-07 -1.20169e-06 -1.35159e-06 -6.41616e-07 4.1746e-07 -1.67535e-06 -3.14527e-07 8.17618e-07 8.53968e-07 1.9539e-06 460.999 461.999 -1.73923e-06 -1.19693e-06 -2.85519e-07 -1.24991e-06 -7.35272e-07 8.70227e-07 -1.29376e-06 
3.71515e-07 8.20337e-07 -8.93309e-07 1.99669e-07 -1.25985e-06 -1.61318e-06 1.10284e-06 -1.4304e-07 -6.95749e-07 -1.49483e-06 1.18554e-06 1.61677e-06 1.28481e-06 7.98483e-07 1.06348e-06 1.17333e-06 4.05355e-07 4.94832e-07 5.10772e-07 -5.32962e-07 -1.02169e-06 -2.44315e-06 1.24792e-06 1.3229e-06 2.04407e-07 
-3.04493e-07 -4.16608e-07 4.91138e-07 -1.05862e-06 1.29235e-06 -2.07526e-06 6.15624e-07 -1.7008e-06 -1.39199e-06 -1.40653e-06 9.98776e-07 3.89289e-08 -2.01785e-06 -3.6544e-07 -4.98616e-07 2.31267e-06 -8.77074e-09 1.54946e-06 -7.89226e-07 -8.8816e-07 -2.34869e-06 1.69334e-06 -1.29639e-06 -1.91329e-06 4.74612e-07 
2.41347e-07 -1.31101e-06 -3.53108e-07 7.44566e-07 7.93598e-07 1.38578e-06 -8.66816e-07 -1.04556e-06 -1.16469e-06 -9.48246e-07 1.13526e-06 -3.45272e-07 -9.5324e-07 1.47048e-06 2.24368e-06 1.5433e-06 1.27817e-06 8.38084e-07 5.62027e-07 8.89001e-07 1.80802e-06 4.46318e-07 1.84483e-06 4.56147e-07 -1.30642e-06 
-3.19387e-07 -2.09245e-06 -8.68446e-07 8.93912e-07 -1.7964e-06 -1.31431e-06 1.72163e-07 -8.87172e-07 -9.92584e-07 1.50666e-06 -1.53225e-06 4.78476e-07 -1.19752e-06 1.22738e-07 5.40077e-08 -1.62112e-07 8.93324e-08 1.22127e-06 -9.68412e-07 -6.11606e-07 1.13062e-06 -1.30184e-06 2.03587e-06 2.17638e-06 1.37009e-06 
-7.1009e-07 -2.35566e-06 -1.14645e-06 -3.51253e-07 2.3059e-06 -1.4923e-06 1.84948e-06 9.39084e-07 -9.74583e-07 -1.21507e-06 -5.94365e-07 -7.37165e-08 9.60462e-07 2.387e-07 -9.03404e-08 1.75393e-06 5.41863e-07 5.34013e-07 -2.74472e-07 1.80636e-07 -1.33062e-06 4.13368e-07 1.39272e-07 1.88841e-06 -1.48633e-06 
1.95965e-06 1.0982e-06 1.05549e-06 7.23178e-07 6.59381e-07 -7.09161e-07 -1.44721e-06 1.11862e-06 -7.52875e-07 1.26639e-06 1.08167e-06 -5.16744e-07 -2.21628e-06 2.28759e-07 1.01827e-06 2.01244e-06 -1.45827e-06 -1.16495e-06 -9.13895e-08 6.0712e-07 8.7137e-07 -3.74895e-07 -3.58398e-07 4.73323e-07 9.38077e-07 
-5.50945e-07 -1.07739e-06 -1.7953e-06 1.09793e-06 -9.86335e-07 1.0143e-06 -7.25032e-07 -2.15524e-07 -2.45525e-06 -2.36977e-06 6.6709e-08 -5.59164e-07 -3.35148e-07 -1.11893e-06 -1.77772e-06 4.72195e-07 1.32341e-06 1.39989e-06 8.66091e-08 -8.09713e-07 1.68626e-06 -6.77112e-07 1.23516e-06 -6.52512e-07 -1.01383e-06 
