-0.0124718 -1.77082e-05 -7.39994e-06 -1.49832e-05 -7.9377e-06 8.42918e-06 -8.65747e-06 -8.77511e-06 -8.80058e-06 -1.01748e-05 -1.40869e-05 -1.43136e-06 7.67227e-06 -1.87283e-05 -1.28387e-06 1.72346e-05 7.25044e-06 -9.67627e-06 1.1029e-05 -1.94887e-05 
1.40027e-05 -9.71162e-06 1.78602e-05 -1.07125e-05 1.64818e-06 -1.13031e-05 -1.45215e-05 2.22501e-06 -1.58711e-05 1.70569e-05 -4.9216e-07 1.65019e-05 1.61543e-05 -3.76979e-06 1.95529e-08 1.76905e-05 -1.99252e-05 -3.42262e-06 8.74658e-09 -1.40408e-05 
-1.73606e-05 -1.38577e-05 -5.20526e-07 -1.01884e-05 6.70114e-06 -9.66371e-06 1.18373e-05 -1.50379e-05 7.04503e-06 4.26073e-06 -1.40176e-05 -1.9871e-05 1.64403e-05 2.12993e-06 -1.23708e-05 4.06314e-06 -8.99188e-06 -8.60351e-06 -1.74551e-05 -5.33583e-06 
3.392e-06 -1.52713e-05 -1.01069e-05 8.98869e-06 1.93669e-05 -8.98767e-06 1.5438e-05 -1.42346e-05 1.04655e-05 -1.57801e-05 3.13522e-06 1.31584e-06 3.73176e-06 -2.56214e-06 1.32703e-05 6.35995e-06 4.82731e-07 1.82878e-05 1.21136e-05 5.69122e-06 
1.72821e-05 1.40665e-05 -5.67075e-06 -2.25781e-07 -3.57795e-06 -1.44658e-05 6.92043e-06 -1.54661e-05 -1.56601e-05 -6.5795e-06 1.73743e-05 -5.98944e-07 2.89039e-06 -1.50645e-06 -1.83912e-05 1.14546e-05 1.87051e-05 9.11778e-06 9.4423e-06 8.60085e-06 
1.18024e-05 -1.88891e-06 -8.78244e-06 -1.46591e-06 1.60599e-06 -1.60332e-05 1.96514e-07 -8.57693e-06 -1.1595e-05 -1.65313e-06 -1.21395e-05 1.40349e-06 -2.84779e-06 -8.26677e-06 -4.7945e-06 9.81028e-06 3.37658e-06 -5.96208e-06 -3.98478e-06 1.24571e-06 
-1.8445e-05 -1.53973e-05 -1.25559e-05 -1.28089e-05 1.10766e-05 1.76228e-05 -1.18576e-05 2.66717e-06 8.94427 9.11045 9.16513 9.11044 8.9443 -1.81405e-05 -1.46859e-05 -1.29005e-05 1.80692e-05 -1.58568e-05 -2.62841e-06 1.39149e-05 
9.73118e-06 9.36369e-06 -1.62401e-05 -1.80477e-05 -1.10605e-05 1.61676e-05 1.19041e-06 9.0554 9.32739 9.48684 9.53938 9.4868 9.32739 9.0554 -5.41517e-06 -2.62791e-06 -1.28785e-06 1.37428e-06 -1.50284e-05 -1.78863e-05 
-1.76342e-05 -2.24049e-07 1.21009e-05 1.21992e-05 -1.92827e-05 2.78768e-06 8.94425 9.32739 9.59168 9.74677 9.79797 9.7468 9.59167 9.32741 8.9443 3.62295e-06 -9.17218e-06 -2.57023e-06 1.05412e-05 9.1907e-06 
6.18952e-06 -9.8052e-06 -1.49998e-05 -1.4699e-05 -9.16851e-06 -2.9234e-06 9.11041 9.48682 9.74681 9.89951 9.94983 9.89949 9.74677 9.48685 9.11044 2.00034e-05 -1.8949e-06 -1.69927e-05 6.40675e-06 9.71182e-06 
-1.68074e-05 1.88954e-05 4.95398e-06 -1.80999e-05 -4.5611e-06 -7.32394e-06 9.16516 9.53939 9.79796 9.94984 10 9.94987 9.79797 9.53941 9.16516 -1.98017e-05 -1.34114e-05 1.73821e-05 7.04092e-06 -4.19945e-06 
1.15201e-05 8.88279e-06 -1.4364e-05 -1.01189e-05 -1.22732e-05 -1.04495e-06 9.11042 9.48684 9.74681 9.8995 9.94986 9.89948 9.74678 9.48684 9.11042 6.76481e-06 1.0938e-05 1.65242e-05 1.21378e-06 -7.41974e-06 
1.35713e-05 1.10022e-05 -1.32953e-06 1.0659e-05 -1.48697e-05 8.47187e-06 8.94431 9.32737 9.59168 9.74678 9.79797 9.7468 9.59168 9.32736 8.94426 7.66168e-06 -1.51064e-05 1.5915e-05 -3.37842e-06 3.25339e-06 
-2.60815e-06 1.69818e-05 -4.48347e-06 7.01418e-06 -8.60668e-06 -2.04585e-05 7.85332e-06 9.05538 9.3274 9.48682 9.53941 9.48684 9.32737 9.05538 -1.04667e-06 1.01219e-05 -4.41035e-06 -1.67252e-05 -1.99725e-05 2.46588e-06 
4.43152e-06 -1.23534e-05 2.77897e-06 5.11958e-06 1.52056e-06 1.01973e-05 -1.39984e-05 -1.70088e-05 8.94425 9.11047 9.16515 9.11045 8.9443 -1.92661e-05 -1.80768e-05 1.36757e-05 -1.24914e-05 1.46005e-05 8.31845e-07 -1.87621e-05 
2.02882e-06 4.68772e-06 6.98771e-06 6.80048e-06 -1.06319e-05 3.13227e-06 -1.74694e-05 1.21476e-05 -7.64226e-06 -2.01467e-05 9.70201e-06 1.82417e-05 -1.30981e-05 -1.35286e-05 2.05823e-05 -1.93327e-06 -1.44267e-05 -7.36735e-06 -4.85756e-06 -1.23631e-05 
3.91419e-06 -2.23965e-06 5.34632e-06 -1.37881e-05 1.31731e-05 -5.99931e-06 6.33152e-06 -9.09265e-06 -8.73599e-06 1.10907e-05 -5.5939e-06 -1.95578e-05 -4.27353e-07 -9.41914e-06 -1.35094e-05 -1.58072e-07 4.33693e-06 -7.61697e-07 1.93211e-05 1.94986e-06 
1.69754e-05 1.4e-06 8.02249e-06 -7.16285e-07 1.38969e-05 1.54552e-05 -1.76774e-05 1.36376e-05 1.87045e-05 -8.51943e-06 5.57589e-06 -8.39647e-06 -3.95081e-06 1.18885e-05 1.82252e-05 -1.70728e-05 8.74539e-06 6.51366e-06 1.33328e-05 9.77721e-06 
-1.77128e-05 -1.56653e-05 -5.62815e-07 6.66387e-06 -2.12146e-05 -3.84088e-06 -1.76357e-05 8.27653e-06 1.73103e-05 2.50438e-06 -1.98771e-07 -1.84128e-05 1.72952e-05 -4.67984e-06 -1.28545e-05 -1.30071e-05 3.59419e-06 -7.11643e-06 -1.75244e-05 1.40104e-05 
-1.93405e-05 8.66263e-06 1.8674e-05 -1.71763e-05 -1.58918e-05 -2.65696e-06 9.56836e-06 -1.92367e-05 5.99994e-06 1.5407e-05 1.48922e-05 -3.58853e-07 3.38627e-06 -7.72916e-07 1.57834e-05 4.23145e-07 6.81077e-06 -6.98846e-06 -4.76398e-06 -1.14914e-05 
