-1.61423e-08 2.13274e-07 -4.22749e-08 5.072e-07 -2.58778e-07 -3.25373e-07 4.32971e-08 -2.25298e-07 2.2515e-07 -1.55497e-07 -3.83777e-07 -1.26859e-07 2.92454e-07 8.66817e-08 -2.06872e-07 3.46147e-07 1.00675e-07 -3.50608e-07 6.53829e-08 -4.5937e-07 -2.3661e-07 -8.47477e-08 9.00856e-08 1.879e-08 -2.81342e-07 1.35626e-07 -1.00651e-07 -3.45384e-07 4.99501e-07 1.48274e-07 1.61738e-07 -1.18221e-07 2.2271e-07 
-3.0389e-07 -1.53032e-07 -5.46367e-07 -1.7684e-07 1.12944e-07 -1.96594e-07 -2.89634e-07 2.81654e-07 -4.80384e-07 -4.15223e-07 -2.0555e-07 -4.82568e-07 3.81717e-07 -2.62898e-07 -4.9716e-07 -2.99044e-08 3.14528e-08 1.72142e-07 8.34462e-08 4.90639e-07 2.44324e-07 -1.04989e-07 1.28911e-07 -3.98361e-07 -2.05315e-07 -1.12019e-07 1.12953e-07 -1.72823e-07 -2.38933e-07 1.38244e-07 8.18148e-08 1.85918e-07 -3.68823e-07 
-2.32695e-07 -2.87893e-09 -5.10816e-07 -1.88479e-07 -6.19053e-08 4.15033e-07 -4.1126e-07 2.11593e-07 3.20113e-08 1.34643e-07 2.76532e-07 -5.6158e-09 4.1208e-08 4.26532e-07 4.32282e-07 -2.27005e-07 5.02222e-07 1.53767e-07 -4.7099e-07 -1.72475e-07 3.9694e-07 -1.18315e-07 1.06731e-07 8.81057e-08 4.27927e-07 1.27231e-07 -2.61272e-07 -6.38849e-08 7.10903e-08 2.92462e-07 1.04081e-07 -2.35172e-07 1.13672e-07 
2.16015e-07 3.54918e-07 -2.95409e-07 -1.19852e-07 1.45771e-07 1.86298e-07 -3.97819e-07 1.76945e-09 -2.64442e-07 1.46303e-07 -3.34767e-07 -2.67549e-07 -1.6907e-07 3.28961e-07 8.38368e-08 -2.8047e-07 -5.45173e-08 1.37072e-07 -3.62706e-07 -4.44906e-07 4.15123e-07 -1.55344e-07 -8.72999e-08 3.07718e-07 1.80907e-07 2.57105e-07 -9.98428e-08 -5.52887e-08 -2.70036e-07 4.42141e-07 3.03032e-07 -1.25107e-07 1.22455e-07 
1.70534e-07 1.68666e-07 -1.7824e-07 3.77488e-07 1.35377e-07 -6.1785e-08 -1.35347e-07 -5.45099e-08 6.08483e-08 1.88755e-07 -1.70853e-07 6.62603e-08 -1.28029e-07 -3.59351e-07 -2.10079e-07 2.76619e-07 -1.37781e-07 -4.09118e-07 -3.55513e-08 -1.50496e-07 2.70761e-07 3.24162e-08 -1.70709e-07 2.39517e-08 -9.26693e-08 -2.01504e-07 -2.76688e-08 -9.25043e-08 2.79749e-07 -1.27768e-07 -1.99767e-07 -1.92982e-07 5.47484e-08 
-2.81289e-07 2.92966e-08 -1.35096e-07 1.5394e-07 2.63108e-09 8.54207e-08 4.38726e-07 -3.73775e-07 2.83217e-08 -5.25248e-07 -3.36514e-07 1.20796e-08 2.03198e-07 -1.34729e-07 -3.81139e-07 2.09097e-07 -2.64731e-07 -1.2956e-09 -9.50071e-09 2.31143e-07 -2.29721e-07 1.80253e-07 -6.66689e-08 -2.17144e-07 2.188e-07 -8.89207e-08 -8.85154e-08 2.00615e-08 -1.30713e-07 1.05052e-07 -4.03656e-09 1.00559e-08 9.48046e-08 
-1.67653e-07 5.5334e-07 -1.15025e-07 1.82576e-07 -1.8498e-07 1.10279e-07 4.71123e-08 -1.89983e-07 -2.86221e-07 -2.74289e-07 -5.21022e-07 4.1534e-07 -3.30391e-07 3.69032e-09 -4.22494e-07 -9.37358e-08 4.52996e-08 2.48218e-08 -3.82457e-08 7.85755e-08 1.84611e-08 -1.60329e-07 -1.11933e-07 3.24518e-07 -1.34786e-07 -1.50147e-07 -3.54602e-07 -9.27701e-08 -5.61344e-07 5.53144e-08 2.08832e-07 -6.93219e-08 -1.84156e-07 
2.58708e-07 -1.45295e-07 -2.25104e-09 4.78657e-07 3.63718e-08 9.84275e-08 9.00026e-08 2.41548e-07 -5.7971e-07 -2.22532e-07 -3.87472e-07 -3.8742e-08 2.5192e-07 2.15691e-07 -1.37236e-07 2.10728e-07 1.70192e-07 -3.18025e-07 -1.2828e-07 -1.79157e-07 -1.79381e-07 -4.57969e-07 -1.68099e-07 -3.27732e-08 -2.61984e-07 1.33582e-07 1.03858e-07 3.31851e-07 1.67892e-07 2.92174e-07 9.00118e-08 2.09638e-07 -2.02149e-07 
-2.99657e-07 3.04475e-07 -2.65225e-07 -1.30492e-07 -4.30075e-07 -1.43593e-07 -5.24097e-07 5.51171e-09 2.46032e-07 -1.89139e-07 2.88451e-08 3.52871e-07 -1.99115e-09 -2.39733e-07 -1.58668e-07 -5.43156e-09 1.51287e-07 5.98542e-07 9.90182e-08 1.29936e-07 -1.81102e-07 9.77954e-08 -4.87124e-08 -2.56477e-07 2.12293e-08 1.7917e-07 3.70224e-07 -7.1108e-08 -5.5758e-07 -1.30518e-07 3.34129e-07 1.08787e-07 9.27694e-08 
-2.95314e-07 -2.0157e-07 -1.50057e-09 -1.42121e-07 -3.89364e-07 -1.15546e-07 5.66523e-08 2.78497e-07 -6.36621e-08 1.54576e-08 -3.07701e-07 1.63358e-07 -9.28912e-08 1.02221e-07 -3.0783e-07 1.19358e-07 6.57276e-08 1.89395e-07 1.43694e-07 -2.89527e-07 -3.22669e-07 -6.75878e-08 2.14107e-07 -4.36624e-07 9.61248e-08 -2.60016e-07 6.22827e-08 -7.82812e-08 -3.97713e-08 1.4423e-08 -2.71563e-07 -6.44901e-08 -1.03708e-07 
4.03232e-08 -9.43949e-08 9.66835e-08 -6.15294e-08 1.94397e-07 8.24257e-08 8.70537e-08 -8.28026e-08 2.15303e-07 -2.88901e-07 -1.66306e-07 -2.93225e-07 -9.44751e-08 -7.52914e-09 3.01298e-07 1.7393e-07 -5.30622e-08 -1.29293e-07 2.2548e-07 -2.83164e-07 -3.98824e-08 -2.72213e-07 -4.51789e-07 2.25253e-08 4.62278e-08 9.42745e-08 1.96323e-07 -1.6981e-07 1.21046e-07 3.81051e-07 -1.30562e-07 -4.52628e-07 1.53461e-07 
-8.1546e-09 1.46361e-07 -1.03645e-07 -3.35112e-07 -3.41016e-08 3.51691e-08 2.53086e-07 -4.09469e-08 -3.07864e-07 2.66812e-07 -4.79296e-08 -7.69892e-10 3.29241e-07 3.75281e-07 9.07291e-08 1.17399e-07 6.19886e-07 1.33143e-07 1.18691e-07 -2.37726e-07 -6.97061e-08 2.58718e-07 2.06811e-07 -2.87004e-07 -3.61715e-07 1.13121e-07 4.19451e-07 2.73995e-08 2.00107e-07 -5.62914e-08 1.62764e-07 -1.44379e-07 2.08654e-07 
-4.03222e-07 -5.58226e-08 -1.1853e-07 -1.5525e-08 -2.00411e-08 1.05573e-07 4.61992e-07 1.95139e-08 -2.47154e-07 2.8196e-07 3.2429e-07 1.95852e-08 -3.3844e-07 2.06793e-07 -1.02014e-07 1.33722e-07 -5.53413e-08 1.27032e-07 2.40126e-07 1.00395e-07 2.82107e-07 -1.34936e-07 1.49029e-07 -1.40561e-07 7.46578e-08 1.28159e-07 -1.96232e-07 -5.11798e-07 1.8569e-07 -1.76561e-07 -1.61163e-07 -5.73802e-07 2.78583e-07 
-1.28839e-07 -4.93721e-08 -8.15861e-09 -1.70241e-07 1.72965e-07 -1.57315e-07 -1.92654e-08 -2.2462e-07 7.32209e-07 -2.13953e-07 1.57451e-07 2.54664e-07 -4.66897e-07 30 30.0001 30 30 29.9999 30.0001 29.9999 30 30.0001 29.9999 30 30.0001 30 30 30 30 30 30.0001 30 30 
1.09991e-07 -5.48289e-07 -2.10676e-07 1.51074e-07 3.84556e-07 2.18237e-07 9.7474e-09 -1.92862e-07 2.98515e-08 4.64357e-08 -3.47196e-08 9.90615e-08 1.02544e-07 30 30 30 30 30 30 30 30 30 30 30 30 30 30 29.9999 30.0001 30 30 30 30.0001 
-2.15975e-07 -3.90197e-07 -1.04156e-08 -3.90347e-07 -3.19355e-07 1.42351e-07 1.63287e-08 -2.22072e-07 -1.5959e-07 -3.10144e-07 -2.89575e-07 1.13629e-07 3.4388e-07 30.0001 30 30 30 30 30 30 29.9999 30 30 29.9999 30 30 30 30 30 30 30 30 30 
-1.16272e-07 -1.08022e-07 4.72755e-09 -3.54858e-07 -2.73904e-07 -3.01495e-08 -4.27542e-07 1.19822e-07 -1.98983e-07 2.63343e-07 -2.19054e-07 -1.81892e-07 3.45061e-07 30 30 29.9999 30 30 30.0001 30 30 30 30 30 30 30 30 30 30 30 30 30 30 
1.19003e-07 1.06817e-07 2.4834e-07 3.67705e-07 -4.99924e-07 -1.95029e-07 -3.25654e-07 4.00953e-07 -2.06262e-07 -1.57652e-07 -2.10764e-07 -1.77415e-07 1.76879e-07 30 29.9999 30 30.0001 29.9999 30 30 30 30 30 30 30 30 30 30 30 30 30.0001 30.0001 30 
-3.89002e-07 3.07815e-07 -3.58198e-07 -1.40559e-07 4.41988e-07 2.73366e-07 7.01759e-08 1.11435e-07 -3.68536e-07 -3.03872e-07 2.22313e-07 2.49952e-07 -2.897e-07 30 30 29.9999 30 29.9999 30 30 30 30 30 30 30 30 30 30 29.9999 30 30 30 30 
1.16418e-07 6.1286e-08 2.14118e-07 6.26173e-08 -1.00481e-07 -1.96013e-07 2.62325e-07 7.93509e-09 1.8584e-07 -2.75087e-07 -1.62794e-07 3.89627e-07 -2.13075e-07 30 30 30 30 30 30 30 30 30 30 30 30 30 29.9999 30 30 30 30 30.0001 30.0001 
-1.14648e-07 2.68615e-07 2.38106e-07 -5.08814e-07 3.44686e-07 -2.03126e-07 -5.24117e-07 -3.83872e-07 -2.37647e-08 -3.34068e-08 3.46847e-07 1.1861e-07 -1.8361e-07 30 30 30 30 29.9999 30 30 30 30 30 30.0001 30 29.9999 30 30 30 30 30 30 30 
-1.33704e-07 -3.40235e-07 -7.54194e-08 -8.67706e-08 -1.32433e-07 2.505e-08 -4.81476e-08 1.23727e-07 -2.58518e-07 -8.06917e-08 -5.65388e-08 1.92921e-07 1.64319e-07 30 30 30.0001 30 30 29.9999 29.9999 30 30 30 30 30 30 30 29.9999 30 30.0001 30 30 30 
6.23263e-08 2.83859e-08 1.29534e-07 1.14411e-07 -4.31349e-07 -2.8097e-07 3.48999e-08 -9.00607e-08 2.80225e-07 -1.09576e-07 -4.23218e-07 1.04898e-07 1.82449e-07 30 30 30 30 30.0001 30.0001 30 30 30 30 30 30 30 30 30 30 30 30 30 30 
-9.50563e-08 2.4411e-07 -5.79387e-08 -3.17227e-07 2.18975e-07 2.32581e-07 3.34269e-07 1.76494e-07 -3.57218e-07 2.50236e-08 -7.68974e-08 6.93371e-08 -1.52273e-07 30 30 30 30 30 30 30 30.0001 30 30 30.0001 30 29.9999 30.0001 29.9999 30 30 30 30 30 
4.72073e-08 1.92938e-07 2.75067e-08 -6.70248e-09 -1.08303e-07 -4.45164e-07 -1.68943e-08 -1.27684e-07 -2.87185e-07 -4.53698e-07 1.63505e-07 2.00457e-07 4.1633e-07 30 30 30 30 30 30 30 30 30 30 30 30 30 30 30 30 30 30 30 30.0001 
-3.15322e-07 -8.14755e-08 1.71831e-07 1.71384e-07 -1.81936e-07 2.86544e-07 4.32e-08 -5.38842e-08 -4.96337e-08 6.44678e-08 -1.32132e-07 1.38016e-07 -8.97008e-08 30 30 30 30 30 30 29.9999 29.9999 30 30 30 30.0001 30 30 30 30 29.9999 30 29.9999 30 
-5.15808e-08 -5.43938e-08 -6.94421e-08 6.75463e-08 1.90654e-08 -1.85908e-07 1.68303e-07 1.53769e-07 1.54918e-07 -2.29366e-07 -1.73856e-07 -4.09905e-08 -1.59779e-08 30 30 30 30 30 29.9999 30 30 30 30 30.0001 30 30 30.0001 30 30 30 30 30.0001 30.0001 
2.67251e-07 -2.66196e-07 -2.26786e-07 -1.73091e-09 1.28367e-07 -9.45403e-08 -6.99417e-07 -6.05459e-07 -1.2931e-07 1.62797e-07 -5.4371e-07 2.18861e-07 2.53355e-07 30 30 29.9999 30.0001 30 29.9999 30 30 29.9999 30 30 30 30 30 30 30 30 30 29.9999 30 
1.38397e-08 2.63455e-07 -2.05489e-07 2.71191e-07 -3.4783e-07 1.58961e-07 2.25609e-07 6.95398e-08 1.07464e-08 7.18117e-08 -1.72078e-07 6.77171e-07 -2.95232e-08 30 30 30 30 30 30.0001 30 30 30 30 30 30 30 30.0001 30 30.0001 30 30 30 30 
-5.3351e-07 3.12715e-07 -6.98168e-08 -4.82121e-08 4.95463e-08 5.62416e-07 2.53817e-07 -1.65629e-07 1.75298e-07 -1.80416e-07 4.56598e-07 1.07066e-08 2.13585e-07 30 30 30 30 30 30 30 30 30 30 30 30 30 29.9999 30 30.0001 30 29.9999 30 30 
2.32167e-07 4.79237e-07 2.53294e-07 -4.71008e-07 -2.56267e-08 8.30992e-08 4.38393e-08 -1.49921e-07 1.52574e-07 4.1129e-07 -1.02933e-07 -2.5291e-08 -3.61516e-07 30 30.0001 30 30 30 30 30 30 30 30 29.9999 30 30 30 29.9999 30 30 30 30 30 
-1.5747e-08 -1.13528e-07 1.82164e-07 1.79411e-08 4.82154e-07 -4.08968e-07 -3.42377e-07 -2.51844e-07 2.41209e-08 1.70655e-07 -1.49439e-07 1.69025e-08 4.78683e-07 30 30 30 30 30 30 30 30 29.9999 30 30 30 30.0001 30 30 30 30 30 30 30 
-1.68232e-07 4.1051e-07 -9.21835e-08 2.45836e-07 3.77491e-07 -2.69525e-08 -7.78435e-08 -5.08671e-08 2.92883e-07 -2.92759e-07 2.73391e-07 3.44658e-07 2.11462e-07 30 29.9999 30 30 29.9999 30 30.0001 30 30 30 30 30 30 30 30 30 30 30.0001 30.0001 30 
